Substitutionsmatrix:
  	a	b	c	d	e	f	g	h	i	j	k	l	m	n	o	p	q	r	s	t	u	v	w	x	y	z
a	0.68	-0.7	-1.4	-2.0	-0.7	-0.8	0.60	-1.7	-1.2	-1.1	-0.4	-2.0	-2.1	-1.9	-0.8	-0.4	0.61	-2.0	-1.7	-1.6	-0.7	-0.4	1.00	-1.5	-0.9	-1.1
b	-0.7	4.87	0.68	1.31	-0.6	1.30	0.91	0.56	-1.2	1.37	1.69	0.60	0.47	-0.8	-1.1	1.18	1.94	-0.0	0.27	0.58	-0.4	2.66	2.04	1.96	0.49	1.70
c	-1.4	0.68	3.90	0.27	-1.3	-0.2	-0.0	-0.3	-0.6	0.07	2.20	-1.1	0.17	-1.1	-0.2	0.77	0.26	-1.2	1.04	0.59	-0.9	0.96	1.19	1.13	-0.4	3.08
d	-2.0	1.31	0.27	3.65	-1.2	0.68	-0.2	0.09	-2.0	0.72	0.84	-0.1	-0.3	-0.8	-1.0	-0.1	1.21	-0.0	-0.3	0.47	-0.0	1.22	0.66	0.36	0.87	1.36
e	-0.7	-0.6	-1.3	-1.2	1.58	-0.0	-0.6	-1.0	-0.8	-0.6	-0.6	-0.8	-2.2	-1.8	-0.4	-0.5	-0.0	-1.9	-1.1	-1.0	-0.2	-0.8	-0.7	-0.3	-0.5	-0.0
f	-0.8	1.30	-0.2	0.68	-0.0	5.42	1.10	0.53	-2.4	0.50	1.03	0.35	0.99	-1.2	-0.1	3.07	1.63	-0.3	0.71	0.77	0.84	2.90	3.00	1.36	1.56	2.00
g	0.60	0.91	-0.0	-0.2	-0.6	1.10	3.28	-0.5	-1.0	-0.0	0.00	-1.1	-0.8	-2.7	-2.2	0.26	0.54	-0.6	-0.9	-0.2	-2.1	2.40	1.24	0.49	-0.5	1.19
h	-1.7	0.56	-0.3	0.09	-1.0	0.53	-0.5	2.53	-0.9	-0.0	0.49	-0.7	-0.3	-1.9	-1.3	0.47	0.72	-0.8	-0.5	-0.1	0.06	-0.0	0.59	0.24	0.28	0.38
i	-1.2	-1.2	-0.6	-2.0	-0.8	-2.4	-1.0	-0.9	1.05	-0.8	-0.8	-1.5	-2.5	-1.2	-0.3	-1.9	-3.4	-2.4	-1.9	-0.2	0.23	-2.6	-0.0	-1.3	-0.6	-1.6
j	-1.1	1.37	0.07	0.72	-0.6	0.50	-0.0	-0.0	-0.8	3.65	0.70	0.21	0.26	-1.4	-2.0	0.56	2.65	-0.6	0.24	0.28	-0.7	1.22	0.87	3.23	1.12	0.87
k	-0.4	1.69	2.20	0.84	-0.6	1.03	0.00	0.49	-0.8	0.70	4.01	0.22	1.53	-0.3	-0.3	1.05	2.15	0.57	0.72	0.89	-1.0	0.91	1.90	0.23	1.03	1.64
l	-2.0	0.60	-1.1	-0.1	-0.8	0.35	-1.1	-0.7	-1.5	0.21	0.22	2.59	-0.1	-1.2	-1.4	-0.1	2.16	-0.1	-0.4	-0.5	-0.8	0.15	1.05	1.45	0.61	0.74
m	-2.1	0.47	0.17	-0.3	-2.2	0.99	-0.8	-0.3	-2.5	0.26	1.53	-0.1	3.02	-1.1	-1.9	0.92	1.42	-0.5	0.44	-0.3	-1.3	1.20	1.94	1.06	-0.0	0.18
n	-1.9	-0.8	-1.1	-0.8	-1.8	-1.2	-2.7	-1.9	-1.2	-1.4	-0.3	-1.2	-1.1	1.26	-0.2	-1.8	-0.8	-1.6	-0.6	-1.5	-1.4	-0.8	-0.8	-1.5	-1.3	-0.7
o	-0.8	-1.1	-0.2	-1.0	-0.4	-0.1	-2.2	-1.3	-0.3	-2.0	-0.3	-1.4	-1.9	-0.2	2.14	-0.7	-0.6	-1.6	-1.4	-0.4	0.63	0.85	0.80	-1.5	-0.1	-0.5
p	-0.4	1.18	0.77	-0.1	-0.5	3.07	0.26	0.47	-1.9	0.56	1.05	-0.1	0.92	-1.8	-0.7	5.22	2.36	1.78	-0.0	0.75	-1.1	1.41	2.69	2.14	0.55	1.37
q	0.61	1.94	0.26	1.21	-0.0	1.63	0.54	0.72	-3.4	2.65	2.15	2.16	1.42	-0.8	-0.6	2.36	5.43	0.46	1.35	2.18	0.93	1.97	0.40	4.06	2.31	2.61
r	-2.0	-0.0	-1.2	-0.0	-1.9	-0.3	-0.6	-0.8	-2.4	-0.6	0.57	-0.1	-0.5	-1.6	-1.6	1.78	0.46	2.19	-0.4	-0.6	-1.9	0.22	0.46	-0.7	-0.5	-0.0
s	-1.7	0.27	1.04	-0.3	-1.1	0.71	-0.9	-0.5	-1.9	0.24	0.72	-0.4	0.44	-0.6	-1.4	-0.0	1.35	-0.4	2.66	0.12	-1.3	-0.0	1.22	0.37	0.17	2.23
t	-1.6	0.58	0.59	0.47	-1.0	0.77	-0.2	-0.1	-0.2	0.28	0.89	-0.5	-0.3	-1.5	-0.4	0.75	2.18	-0.6	0.12	3.23	-1.3	1.21	0.60	1.28	0.16	0.81
u	-0.7	-0.4	-0.9	-0.0	-0.2	0.84	-2.1	0.06	0.23	-0.7	-1.0	-0.8	-1.3	-1.4	0.63	-1.1	0.93	-1.9	-1.3	-1.3	2.72	1.02	1.72	-1.2	-1.2	-1.1
v	-0.4	2.66	0.96	1.22	-0.8	2.90	2.40	-0.0	-2.6	1.22	0.91	0.15	1.20	-0.8	0.85	1.41	1.97	0.22	-0.0	1.21	1.02	5.82	3.42	1.67	0.42	1.76
w	1.00	2.04	1.19	0.66	-0.7	3.00	1.24	0.59	-0.0	0.87	1.90	1.05	1.94	-0.8	0.80	2.69	0.40	0.46	1.22	0.60	1.72	3.42	5.51	1.16	1.18	0.57
x	-1.5	1.96	1.13	0.36	-0.3	1.36	0.49	0.24	-1.3	3.23	0.23	1.45	1.06	-1.5	-1.5	2.14	4.06	-0.7	0.37	1.28	-1.2	1.67	1.16	5.30	1.85	1.74
y	-0.9	0.49	-0.4	0.87	-0.5	1.56	-0.5	0.28	-0.6	1.12	1.03	0.61	-0.0	-1.3	-0.1	0.55	2.31	-0.5	0.17	0.16	-1.2	0.42	1.18	1.85	3.09	1.08
z	-1.1	1.70	3.08	1.36	-0.0	2.00	1.19	0.38	-1.6	0.87	1.64	0.74	0.18	-0.7	-0.5	1.37	2.61	-0.0	2.23	0.81	-1.1	1.76	0.57	1.74	1.08	5.07
